%% Fuel ecconomy:
% https://en.wikipedia.org/wiki/Fuel_economy_in_aircraft

data_turbo=[300 6.7 87
    300 9.3 70];
data_regional=[
    500 11.2 67
    500 11.4 76
    500 12.7 87 
    500 13.6 91
    500 9.7 71
    507 12.6 68
    600 10.4 115
    600 8.7 115
    600 9.5 110
    600 7.5 123
    600 8.7 98
    600 9.5 101
    600 10.1 116
    660 10  83.5
    660 11.9 104.7
    660 10.3 107.4
    660 10.9 84.8
    660 10.9 103.2
    660 11.9 103];
data_short=[
    1000 10.6 80
    1000 8.73 122
    1000 11.3 90
    1000 13 94
    1000 20.09 99
    1000 9.9 76
    1000 10.0 86
    1000 10.05 87
    1000 9.04 121
    1000 11.2 99
    1000 12.41 88
    1000 11.3 98
    1000 9.6 115
    1000 12.1 101
    1000 12.1 102 
    1000 10.3 119
    1000 16.57 78
    1000 8.3 127]; 
